0
18725
136
190
2218
148
0
8
0
0
56
0
0
4
0
29
0
0
0
0
0
8
62
2
31
12
368
251
2571
911
208
36
20
83
224
420
8
100
0
228
0
0
2
2
4
0
4
0
0
0
0
0
0
0
0
0
0
0
0
0
0
0
0
0
0
0
0
0
0
0
0
0
0
0
0
0
0
6
0
0
0
0
0
0
0
0
0
0
0
0
0
0
75360
1293
312
18726
338
0
0
0
0
190
0
0
115
0
99
0
0
0
0
4
149
353
0
206
122
1640
1262
7872
6689
44
235
295
289
800
693
137
335
0
685
0
0
31
25
20
0
28
0
0
0
0
0
0
0
0
0
0
0
0
0
0
0
0
0
0
0
0
0
0
0
0
0
0
0
0
0
0
49
0
0
0
0
0
0
0
0
0
0
0
0
0
0
53242
847
186
8410
395
0
0
0
0
125
0
0
42
0
110
0
0
0
0
6
68
236
0
104
76
1057
604
5040
4649
380
763
309
120
685
1057
330
219
0
720
0
0
0
0
10
0
14
0
0
0
0
0
0
0
0
0
0
0
0
0
0
0
0
0
0
0
0
0
0
0
0
0
0
0
0
0
0
15
0
0
0
0
0
0
0
0
0
0
0
0
0
0
56616
922
163
11434
164
0
0
0
0
127
0
0
112
0
20
0
0
0
0
3
57
141
0
78
508
498
1480
6194
846
46
50
4
31
181
252
1
318
0
396
0
0
0
1
3
0
16
0
0
0
0
0
0
0
0
0
0
0
0
0
0
0
0
0
0
0
0
0
0
0
0
0
0
0
0
0
0
14
0
1
0
0
0
0
0
0
0
0
0
0
0
0
28773
127
687
11040
12
0
2
0
0
277
2
0
168
0
21
0
0
0
0
1
3
76
0
109
5
513
202
3734
465
695
58
3
27
127
232
4
242
0
146
0
0
0
0
0
0
4
0
0
0
0
0
0
0
0
0
0
0
0
0
0
0
0
1
0
0
0
0
0
0
0
0
0
0
0
0
0
30
0
0
0
0
0
0
0
0
0
0
0
0
0
79527
0
9887
399
43858
211
0
0
0
0
307
86
0
205
0
142
0
5
0
0
0
7
34
1
36
24
767
276
9156
1291
746
30
19
17
281
286
1
22
0
700
0
0
0
3
0
0
0
0
0
0
0
0
0
0
0
0
0
0
0
0
0
0
0
0
0
0
0
0
0
0
0
0
0
0
0
0
0
28
6
0
0
0
0
0
0
0
0
0
0
0
0
47865
0
7431
853
23048
135
0
0
0
0
346
23
0
70
0
202
0
5
0
0
0
20
20
0
8
0
535
290
7239
1128
487
23
7
10
142
357
4
38
0
548
0
0
0
1
0
0
0
0
0
0
0
0
0
0
0
0
0
0
0
0
0
0
0
0
0
0
0
0
0
0
0
0
0
0
0
0
0
16
14
0
0
0
0
0
0
0
0
0
0
0
0
34672
0
1258
171
21520
298
0
0
0
0
86
11
0
83
0
4
3
2
0
0
3
19
16
0
57
20
272
45
4297
171
145
78
76
112
315
211
29
16
0
212
0
0
0
3
0
0
1
0
0
0
0
0
0
0
0
0
0
0
0
0
0
0
0
0
0
0
0
0
0
0
0
0
0
0
0
0
0
19
0
0
0
0
0
0
0
0
0
0
0
0
0
8
4775
648
14
0
252
0
0
4
0
124
0
0
68
0
4
0
0
0
0
23
36
8
0
72
164
1117
8
4932
12885
790
619
349
248
5696
3348
351
820
6
1226
0
0
0
0
0
0
0
0
1
0
0
0
0
0
0
0
0
0
0
0
0
0
0
0
0
0
0
0
0
0
0
0
0
0
0
3
0
58
0
0
2
0
0
0
0
0
0
0
0
0
0
36
1322
170
1186
0
4509
0
0
10
0
402
2
0
10
0
34
0
0
0
0
19
4
7
0
106
70
1286
25
4347
9424
6450
1150
231
1165
6705
2811
731
3990
8
2078
0
6
0
0
0
3
2
2
3
0
0
0
0
0
0
0
0
0
0
0
0
0
0
0
0
0
0
2
0
0
0
0
0
0
1
0
0
185
1
18
3
0
0
0
0
0
0
0
0
0
0
9590
67110
3568
11404
3972
616
28
40
5392
2
4988
3284
17992
4696
2
12052
0
88188
2012
14840
2
44
3708
130
172
31
268
15432
8484
26
8
356
0
38
83
1844
2
2
10
2094
0
0
10
8
18
2
36
0
47
0
2
0
2
6
3751
479
985
69
96
592
8436
0
92
5096
2292
30
516
158
2
0
0
4
26
60
288
8
1492
170
1278
618
12
2
12
0
0
0
0
2
0
2
0
0
218
3012
51
11423
436
0
0
72
0
852
0
3
138
0
134
0
0
0
5
190
20
3
0
681
769
6832
91
2205
0
3254
2628
1052
1690
23462
9846
1287
3184
0
2222
0
40
0
6
0
6
0
2
14
0
0
4
6
15
0
12
6
0
2
0
0
0
0
0
1
0
0
0
1
0
0
0
1
3
0
20
2
238
0
17
32
1
1
0
0
2
0
0
23
0
0
0
4
6
12
693
2
18
0
400
0
314
0
0
6
0
10
0
0
0
0
136
8
2
0
157
2079
323
0
4
17586
2018
12936
51816
25274
0
11186
16556
52031
123
6228
0
463
3
2
6
24
0
2
31
0
153
0
0
0
3
86
12
0
0
0
0
0
0
0
0
0
2
0
3
0
0
0
6
93
0
291
0
504
8
309
840
108
8
28
0
12
0
0
360
59
0
2
2
0
2
66
0
0
0
0
49
6015
3
4
21
0
1746
12
4825
672
1370
99
2173
509
8292
804
210
502
5896
0
88
55
339
0
10
286
5467
43
260
470
73
0
36
0
2
2
0
0
0
88
0
0
0
2
0
7259
69
36
0
0
1110
4482
0
0
213
13
24
0
0
5
0
0
7
524
16
180
220
456
26
41
0
9
42
0
0
0
0
0
0
7
5
0
0
0
0
0
0
0
0
5919
13956
0
1599
2063
1890
0
847
0
0
0
693
572
12
2
175
636
10
0
0
195
20
0
0
6
0
0
0
2
23
0
0
10
0
0
0
34
4
0
2
0
987
0
1943
0
28
0
238
0
116
3
71
0
0
0
21
162
0
30
0
162
591
25
0
0
0
24
10
139
0
0
4
0
5
0
70
0
0
0
0
0
45
0
0
3
1750
79
2347
42129
1553
53
0
19451
0
3212
216
1221
5253
0
0
1631
4081
0
59
0
12
85
22
205
150
1914
9102
21198
72
1312
8
8
12
255
3832
85
52
110
3600
0
0
0
0
0
0
36
0
0
0
0
0
0
0
414
0
150
7
0
37
370
0
0
259
149
0
0
4
4
0
0
0
97
30
125
0
181
0
235
64
36
1
0
0
0
0
0
0
1
0
0
1398
4627
3684
3757
87281
27410
4
0
103
0
7232
488
8
2412
0
1596
0
0
0
0
161
142
1136
10
3914
845
29668
3136
0
16104
37892
594
700
774
7210
9718
1434
6832
0
5278
0
16
0
50
0
12
0
0
28
0
2
0
16
0
74
7
3
0
0
10
0
2
2
2
0
0
0
12
2
2
0
0
0
0
0
4
0
500
250
16
184
2
0
0
0
0
0
0
0
0
0
0
7
2
2
42
0
0
0
3557
68
0
607
2
94
2
98
22
28
0
163
0
12
146
0
22
32
150
707
171
2
14
0
0
0
0
0
2
2
0
0
0
0
0
0
0
0
0
0
4
0
0
0
0
2
4
10
0
0
0
0
7
0
2
0
37
0
0
316
0
0
0
0
69
49
35
14
2
38
216
12
10
11
26
0
0
0
0
0
2
0
0
3
137
0
4
10
0
10
54
10319
0
3213
885
3628
343
28
1402
48
59974
750
0
20
26
2509
627
154
24
14
13090
24
0
0
44
0
0
0
168
0
2
12
168
0
0
0
34
56
2
142
0
26
0
0
0
0
0
13838
330
2523
502
1185
1512
3136
12
28
5260
2002
118
544
0
10
0
0
109
402
513
2570
98
6492
88
3118
424
26
0
34
0
0
10
7
6
7
6
0
0
0
0
0
0
0
85
0
20
0
9
0
0
0
0
8
0
0
0
0
0
69288
2656
6
11346
8784
472
4896
2
4
52
4626
222
4944
500
608
10476
1942
2716
7136
0
83018
502
6228
2932
79028
3082
2124
492
4
0
0
0
0
316
344
366
30
0
91
0
562
4
4
8
0
0
0
0
0
8334
319
3292
3063
39
115
72
24
68
12
116
600
64
3086
132
1999
4879
3248
4968
700
0
0
64
0
0
188
0
56
72
228
40
2656
16
0
408
0
12
0
4
0
12
2949
44852
0
5088
1810
1154
936
21856
120
24
74
180
212
108
164
360
128
76
168
2520
0
1052
828
2254
5474
4482
12160
54
1906
0
0
0
16
0
544
0
76
4
0
96
452
0
0
0
148
0
0
0
116
0
240
4
728
360
444
0
112
28
912
68
116
8
0
0
0
0
0
0
780
500
0
0
0
0
0
0
3
7
0
0
0
2
0
0
0
0
0
0
0
0
0
1676
0
4248
4
250
64
0
1890
0
0
0
0
0
12
8
0
8
14
0
14
0
2990
226
220
1286
14502
1058
70
6
4
0
0
0
0
39
0
0
13
4
4
0
20
0
0
0
0
0
0
0
0
496
38
190
125
12
0
12
0
4
0
0
36
0
28
0
27
402
108
369
16
0
0
28
16
0
24
0
1861
0
4
0
0
0
0
0
0
0
0
0
0
64
12994
43346
5546
104
706
19
16
15
0
0
0
384
0
0
0
0
0
0
2786
6735
0
30198
13729
15106
6829
0
15192
1857
322
0
0
0
0
0
3249
326
240
23
8
2241
421
654
0
0
15
0
0
0
0
3
1258
316
759
191
640
0
210
1
65
1
4
74
0
903
488
184
48
316
932
566
0
0
0
0
0
0
0
0
3309
891
353
719
0
355
0
1804
0
0
0
28460
8
0
0
34
241
2
8
8
144
0
0
0
0
0
0
0
4
0
4
2
0
0
2
0
80
8
0
0
0
1483
0
10904
0
21861
30667
422
0
4
36
2966
0
0
0
22381
0
0
870
0
20
690
164
0
0
0
96
0
8
2
0
6
0
0
0
57
0
0
0
0
0
2
0
0
0
0
0
0
0
0
0
252
0
314
201
1
0
0
287
0
0
0
0
0
0
0
0
0
0
0
0
0
0
0
0
142
0
25
0
0
13
0
248
0
0
81
0
8
3
0
0
0
4473
1270
32830
120
0
10132
0
0
10
42
11
0
0
0
32
0
0
68
0
11152
13726
5180
0
0
0
0
0
811
0
0
0
0
0
0
70
1212
15
0
0
0
890
29
0
0
0
0
0
0
0
0
62
12
307
9
2
0
0
6
0
0
0
12
0
0
0
2
4
0
2
0
2
0
0
0
30
0
0
0
0
0
0
120
0
0
10
0
0
0
0
2
7
7921
3366
9769
8
19764
0
2
0
4
34
48
0
0
0
33884
50
8
30
0
1860
2972
2628
0
0
8
32
4
2
6
22
42
4
14
2
58
4094
12
54
0
0
1078
4
0
0
0
0
0
0
0
0
1865
3334
311
46
328
20
0
18
0
0
0
0
42
0
24
0
145
0
0
0
4
0
0
0
4
0
0
0
0
8
0
12
0
0
8
0
10
0
0
0
0
198
0
0
34
219
422
1736
0
302
0
174
0
60
0
4933
2628
10
1163
104
0
210
0
0
0
0
0
0
0
0
0
0
0
0
0
0
0
0
0
0
0
4
0
0
0
0
0
0
0
0
0
449
20
0
0
0
0
0
0
0
0
0
4271
0
0
0
4
0
0
0
0
9
0
0
0
0
0
0
0
0
0
0
0
0
0
0
0
20
0
0
0
0
92
0
0
12
4240
426
1296
0
363
340
1084
4
0
0
0
20244
184
10689
608
1550
560
32
0
4
0
0
0
0
16
0
4
0
0
0
24
0
0
0
0
0
0
0
0
0
0
0
0
0
0
0
536
582
4
1
0
57
0
3
0
0
0
570
178
2
6
5
729
5
6
0
18
1
0
0
4
0
0
0
0
3
0
0
0
0
3
0
23
0
0
0
11
419
0
6
0
0
188
3404
26
1949
2167
7068
0
0
0
6052
0
1689
15690
4523
116
1219
9
0
0
0
35
8
19
12
2
11
0
0
0
22
22
0
0
0
0
14
9
0
0
3
0
0
0
0
0
9
97
2
20
0
0
0
0
0
0
0
3
37
165
245
29
40
47
75
1
14
0
2
0
5
0
4
0
0
6
2
0
0
0
24
0
78
0
64
0
44
66
0
2
1
0
5
861
667
4054
4878
654
0
36
18
18
4462
0
367
11417
106
71
10
116
3908
80
665
1218
155
5709
85
1455
98
167
999
265
73
0
12
0
0
645
127
0
0
3
1
0
0
0
0
6
12
5269
716
0
1
0
290
0
2
0
12
0
8
2
1
0
0
0
0
0
0
0
0
10
0
18
4
8
14
0
18
2
0
6
7
2
2
2
0
0
966
1392
5486
160
15194
832
16
123
25
863
52
3
0
2
178
128
0
1982
4
46416
0
6388
3
6
8
14
5
435
3
72
0
23
16
6
199
798
46
25
0
0
1175
24
0
0
0
0
0
0
0
0
278
2044
3250
4362
436
402
0
528
0
0
10
152
0
4
0
12
84
6
28
0
10
0
0
0
4
0
0
0
0
4
0
0
0
0
0
0
0
0
3
0
9
515
122
3524
4
160
76
10
154
1150
2304
959
0
0
2
22140
8816
730
7413
3020
0
34945
2228
0
2
6
852
56
944
220
2138
1573
0
1982
34
7886
492
12
4
0
0
706
10
0
0
0
0
0
0
0
0
718
388
270
120
12
214
0
90
0
0
20
225
82
22
2
16
104
12
4
0
0
0
0
0
14
0
0
0
0
0
0
20
2
0
58
0
6
0
2
0
8
1250
112
1656
7
38
44
1719
238
3273
18532
39039
7
16
60
11166
40911
5024
0
22022
8534
5626
1618
26
146
104
372
128
330
733
200
46
4
314
94
2103
284
0
114
0
4
848
6
0
0
0
0
0
0
0
0
148
344
155
10
7
221
0
0
0
6
129
1054
358
2
3
8
0
0
2
0
3
0
0
0
0
0
0
0
2
0
0
0
0
0
0
2
0
2
0
0
0
315
0
92
2
115
26
703
135
3150
0
3171
0
17
31
141
772
2073
1784
4192
34
369
40
8
239
5
79
56
22
849
2
0
2
3
0
129
28
0
3
0
0
32
0
0
0
0
0
0
0
0
0
10
1
78
42
0
0
0
246
0
0
0
0
0
0
0
0
0
4
0
0
0
0
0
0
218
0
43
0
0
128
0
309
0
0
267
0
4
0
0
0
0
2764
11978
17198
0
2232
20
0
198
11
288
8
0
0
0
12
1
0
58
0
438
13626
0
0
4
0
23
0
1143
0
0
0
0
0
0
942
3463
536
10
0
0
8480
247
0
0
3
2
1
0
5
0
25
92
20
386
38
0
3
44
5
0
28
3
22
112
912
2026
6
239
7
173
89
23
0
1
2
0
0
3
1
1
11
5
1
0
9
46
118
63
79
317
9
169
7
39
0
4
1
16
46
73
155
19
10
2
22
48
1417
6290
14
91
2229
782
29
170
131
6334
1649
1943
3978
1195
6398
0
2946
4542
992
770
12
5
13
5
0
418
225
0
1
22
35
9
78
9
0
5
128
1
1417
116
5
82
6
12
0
20
5
11
98
488
763
25
283
135
140
322
1071
24
30
2
0
8
7
48
10
2
21
56
0
32
57
168
26
70
112
27
818
123
97
0
11
10
25
179
151
145
58
12
5
5
111
1496
1895
20
148
412
845
159
48
208
2776
902
784
1705
1511
0
20399
4835
4144
854
1196
394
48
39
2
3
1483
331
0
0
146
2
0
4
0
8
96
52
122
342
76
6
0
0
4
120
1010
44
2698
33
799
2580
98
70
0
33
316
34
2
0
0
4
2
0
0
3
2
0
0
0
20
4
50
12
106
243
29
400
6
14
0
2
0
1076
134
100
459
94
967
3402
8
10
2774
5274
56
980
931
82
77
865
2577
22192
14092
0
2044
7378
1767
23883
5697
526
2467
1448
287
8
30
10
0
1311
155
0
0
0
0
0
0
0
0
75
2918
2437
2468
4
0
0
284
0
0
8
12
160
60
171
150
384
1023
1644
8
112
0
0
0
612
76
256
20
187
2060
3079
8
21
0
220
0
8
0
4
7
15
1532
20
2508
0
141
4
2153
2400
1208
1396
158
1338
8
31
12
972
1848
223
1492
2796
3276
1344
51
115
4404
40649
1930
0
2804
772
4740
388
1500
11084
13216
964
52
8164
76
0
22677
2340
0
0
88
8
0
0
0
68
4
12
0
4
4
4
0
0
12
0
16
0
20
132
1604
387
0
395
0
0
0
0
0
0
8
0
0
16
5
0
0
4
20
0
4
0
0
0
96
36
0
0
0
0
0
4
0
1221
16
12
492
4
353
56
227
8
32
1032
0
472
8
12
0
7431
10747
0
6534
83070
16
4784
16
4360
744
0
176
4
88
0
209
302
0
677
60
0
0
0
0
0
0
0
0
0
64
0
18
0
0
0
0
2
0
0
0
198
2272
1213
4
0
377
74
6
0
0
0
0
9
0
0
0
0
6
2
40
70
0
1877
2
10
5
26
0
16
26
0
0
0
0
0
642
344
1044
8916
20
119
36
2992
2
20
16564
0
6470
8
2
0
14584
17328
5404
5172
8624
12
0
66
5596
105
67
60
6
640
4
1044
700
34
1864
928
0
0
0
0
0
0
0
12
2
36
0
0
0
0
10
0
18
0
0
0
0
2600
2860
280
0
150
14
4
0
0
0
0
20
0
2
0
2
3
0
90
174
0
3660
36
188
86
2320
594
163
80
0
0
0
0
0
558
30
148
256
74
180
40
1292
0
25
230
0
2
3
0
0
0
13152
21319
14562
23
0
1361
164
1920
16
132
400
2
2648
16
1792
16792
2824
6241
3540
0
0
4
0
0
0
0
1264
0
0
0
0
0
0
0
0
0
0
0
0
0
6480
1811
922
0
472
60
6
0
0
0
0
262
4
26
0
2
70
0
75
413
0
4038
234
184
553
3398
75
52
58
0
0
0
0
0
2667
348
124
368
8
321
124
9319
0
12
132
0
6
2
4
0
0
16079
20662
15512
1649
8
3426
22
470
10
34
18
8
11452
360
16274
42666
4489
10768
4616
0
0
0
0
0
0
0
69
0
2
0
2
0
0
0
0
0
0
0
0
0
2949
2184
114
0
295
20
4
0
0
0
0
52
0
4
0
4
2
0
8
472
0
5040
34
239
138
4614
90
90
35
0
0
0
0
0
512
136
310
1136
3
250
2
3116
0
4
610
0
16
0
0
0
0
11264
21268
16140
4448
6
5528
12
598
14
126
1460
0
2368
54
526
34028
940
9224
4460
0
0
0
0
0
0
0
16
0
0
0
1
0
0
0
0
0
0
0
0
0
4712
1244
78
0
130
8
30
4
0
0
0
42
0
4
2
4
42
8
32
78
0
3486
4
46
34
1032
38
98
120
0
0
0
0
0
550
100
821
2302
4
165
22
10454
0
16
713
2
21
0
4
0
0
22163
32421
4763
925
7
3126
10
300
208
112
636
16
5675
86
808
27541
3013
8942
1395
0
0
0
0
0
0
0
2
0
0
0
9
0
2
0
0
0
0
0
0
8
1776
390
46
2
224
10
0
0
0
0
0
14
0
0
0
2
2
0
118
109
0
852
0
8
0
581
0
44
78
0
0
0
0
0
693
330
1184
7764
28
256
28
4784
0
72
5104
4
1932
4
32
2
5898
0
1156
4384
2828
22
13820
4
692
148
14
380
56
1440
94
1312
864
120
3276
114
0
0
0
0
0
0
0
0
0
0
0
0
0
0
0
0
0
0
0
0
0
26
0
0
0
4
4
0
0
0
0
0
8379
14
476
2
3
205
0
1814
16
0
240
10
20
2
4
0
98
31259
9070
2296
0
805
625
0
4
34
94
4
0
0
526
0
0
0
0
0
0
198
3822
0
0
2
0
8
0
0
0
0
0
2
96
2
0
6940
1228
446
834
6884
8374
0
0
0
0
0
0
0
386
0
0
0
0
0
0
0
0
0
0
0
0
0
995
340
8
0
32
4
0
0
0
0
0
426
2
2
0
0
6
0
2056
32
0
8210
91
33
53
1103
18
141
195
14
0
0
0
0
571
3114
3343
19532
107
339
24
0
4
5
114
13
28
4
34
70
26406
16982
858
378
46
4
816
0
12
0
14
10
2
7840
1198
2314
166100
46994
2866
1756
0
0
2
0
0
0
0
796
0
0
0
0
0
0
0
0
0
0
0
0
10
301
411
16
0
18
10
2
0
0
0
0
953
0
10
0
6
14
0
10692
2178
0
19455
68
304
581
5474
38
385
235
12
14
0
2
0
1738
18273
4492
9092
101
712
36
93090
2
4
20
2
8
0
2
12
29122
3200
2878
358
92
12
1126
0
4
2
0
26
4
3382
4156
1026
105860
0
1742
4596
0
0
0
0
0
26
0
0
0
46
0
218
0
0
0
0
0
0
0
2
2
58
24
0
0
523
448
366
8
6
90
2
128
10
49
397
618
1689
62
34
94
0
44
0
8
0
6
4
2
42
4
6
0
0
0
134
3205
669
102
0
36
0
2
0
4
466
0
10
0
56
0
56
0
2902
7458
54
5312
762
7618
370
6204
3730
0
290
60
8
2414
20
0
7552
930
0