0
8637
0
0
388
0
0
4
0
0
0
0
0
0
0
0
0
0
0
0
0
0
3
2
0
0
0
0
279
24
4
0
0
0
0
0
0
0
0
0
0
0
0
0
0
0
0
0
0
0
0
0
0
0
0
0
0
0
0
0
0
0
0
0
0
0
0
0
0
0
0
0
0
0
0
0
0
0
0
0
0
0
0
0
0
0
0
0
0
0
0
0
65943
68
2
11402
6
0
0
0
0
0
0
0
0
0
2
0
0
0
0
0
8
34
0
4
2
92
36
2572
933
0
0
5
0
13
2
8
8
0
9
0
0
0
0
0
0
4
0
0
0
0
0
0
0
0
0
0
0
0
0
0
0
0
0
0
0
0
0
0
0
0
0
0
0
0
0
0
16
0
0
0
0
0
0
0
0
0
0
0
0
0
0
51822
26
0
4851
9
0
0
0
0
0
0
0
0
0
0
0
0
0
0
1
0
5
0
0
0
15
10
2242
784
12
15
4
0
14
2
0
0
0
12
0
0
0
0
0
0
5
0
0
0
0
0
0
0
0
0
0
0
0
0
0
0
0
0
0
0
0
0
0
0
0
0
0
0
0
0
0
2
0
0
0
0
0
0
0
0
0
0
0
0
0
0
29516
7
0
1737
0
0
0
0
0
1
0
0
0
0
0
0
0
0
0
0
3
0
0
0
0
2
0
496
0
0
0
0
0
2
0
0
0
0
0
0
0
0
0
1
0
0
0
0
0
0
0
0
0
0
0
0
0
0
0
0
0
0
0
0
0
0
0
0
0
0
0
0
0
0
0
0
2
0
0
0
0
0
0
0
0
0
0
0
0
0
0
28257
98
38
7694
4
0
0
2
0
6
0
0
0
0
0
0
0
0
0
0
0
4
0
3
1
27
0
622
22
83
1
0
0
10
1
1
21
0
0
0
0
0
0
0
0
0
0
0
0
0
0
0
0
0
0
0
0
0
0
0
0
0
0
0
0
0
0
0
0
0
0
0
0
0
0
0
1
0
0
0
0
0
0
0
0
0
0
0
0
0
182752
0
4414
0
18399
51
0
0
0
0
8
2
0
1
0
2
0
9
0
0
0
2
0
0
2
3
40
5
3918
46
13
0
0
0
4
8
0
0
0
5
0
0
0
0
0
0
0
0
0
0
0
0
0
0
0
0
0
0
0
0
0
0
0
0
0
0
0
0
0
0
0
0
0
0
0
0
0
4
0
0
0
0
0
0
0
0
0
0
0
0
0
143448
0
3159
65
3871
80
0
0
0
0
17
0
0
1
0
2
0
0
0
0
0
0
0
0
0
2
47
5
2734
94
22
2
0
0
6
1
0
0
0
5
0
0
0
0
0
0
0
0
0
0
0
0
0
0
0
0
0
0
0
0
0
0
0
0
0
0
0
0
0
0
0
0
0
0
0
0
0
12
0
0
0
0
0
0
0
0
0
0
0
0
0
110574
0
699
2
10318
51
0
0
0
0
7
0
0
0
0
1
0
2
0
0
2
0
0
0
1
0
24
1
1299
33
15
2
4
5
14
6
0
3
0
3
0
0
0
0
0
0
0
0
0
0
0
0
0
0
0
0
0
0
0
0
0
0
0
0
0
0
0
0
0
0
0
0
0
0
0
0
0
4
0
0
0
0
0
0
0
0
0
0
0
0
0
1665
35964
744
0
0
124
0
0
0
0
28
0
0
12
0
0
0
0
0
0
4
0
0
0
0
16
252
0
4640
9456
181
0
2
8
1368
148
5
76
0
26
0
0
0
0
2
0
0
0
4
0
0
0
0
0
0
0
0
0
0
0
0
0
0
0
0
0
0
0
0
0
0
0
0
0
0
0
0
128
0
0
2
0
0
0
0
0
0
0
0
0
0
956
43701
559
4212
0
6466
0
0
0
0
130
0
0
0
0
0
0
0
0
0
0
0
0
2
4
3
276
4
2361
6216
5700
1
4
28
3653
92
36
1119
0
5
0
0
0
0
0
0
0
0
2
0
0
0
0
0
0
0
0
0
0
0
0
0
0
0
0
0
0
0
0
0
0
0
0
0
0
0
0
206
0
7
0
0
0
0
0
0
0
0
0
0
0
168099
89360
4008
9992
2720
659
88
4
2872
0
3708
2856
12132
3540
0
5444
0
100524
1088
19712
0
8
1016
6
40
26
18
4500
8988
6
4
6
0
0
0
16
0
0
4
246
0
2
2
2
10
0
6
0
0
0
0
0
0
0
4644
160
286
2
26
59
9260
2
8
2124
2003
4
152
52
8
0
0
2
41
84
391
10
1164
48
573
820
4
0
8
0
0
0
0
0
2
0
0
0
3567
16085
26
25737
473
0
0
0
4
380
0
0
129
0
48
0
0
4
3
15
0
0
0
28
102
4046
0
1591
0
3037
103
321
748
12615
4309
1160
1415
4
54
0
9
0
0
2
2
12
5
6
0
0
0
0
4
2
0
0
0
1
0
0
0
0
1
6
0
0
0
5
2
0
0
1
3
4
41
0
711
0
67
33
2
1
0
0
0
0
0
14
0
0
0
66
84
128
10321
21
2
0
406
0
814
0
0
38
0
22
0
0
0
0
35
2
0
0
20
453
94
4
2
37325
4934
1056
55343
20592
0
4359
9443
45248
14
232
0
4
0
0
0
0
0
0
0
0
44
0
0
2
0
22
2
0
0
0
0
0
0
0
0
0
4
0
0
0
0
0
0
70
0
275
0
1329
2
457
1748
268
3
4
4
2
0
0
367
77
0
0
2
0
2
267
0
0
0
0
3
8345
6
0
14
0
526
2
3822
425
995
177
2387
983
9855
386
30
420
9305
6
146
197
90
0
0
20
3107
0
224
9
21
0
0
0
5
0
0
0
0
53
0
0
0
0
0
5106
21
19
0
0
1349
3153
0
12
564
4
31
0
0
140
0
0
2
1097
0
143
198
359
25
18
0
6
107
0
0
0
0
0
0
0
0
0
0
3
0
0
0
0
0
5517
16012
0
2759
2505
3496
0
1175
0
0
104
951
833
0
4
571
330
31
0
0
783
108
0
0
0
0
0
0
2
0
0
0
2
0
0
0
4
105
0
2
0
112
0
2068
0
204
0
174
0
28
0
55
0
0
0
50
59
0
58
0
737
2172
25
0
0
0
27
9
819
0
0
10
0
21
0
135
0
0
0
0
0
31
0
0
0
18652
1110
6683
42793
436
14
0
10229
0
1871
14
411
4082
0
0
3452
5687
0
0
2
0
0
2
21
46
695
3940
19664
13
692
2
0
0
51
2950
8
2
6
928
0
0
0
0
0
0
0
0
1
0
0
0
0
0
97
0
78
0
0
63
180
0
0
128
14
0
0
0
0
0
0
4
93
3
72
0
102
0
251
47
134
3
0
0
0
0
0
0
0
0
0
11363
72006
35162
20479
156602
24380
2
0
201
0
8126
516
0
3849
0
8240
0
2
0
0
2
4
60
8
160
50
11876
721
0
8076
21512
2
12
4
1892
2980
88
3280
0
1044
0
0
0
4
2
0
0
0
2
0
0
2
0
0
2
0
0
0
0
2
0
0
0
2
0
0
0
2
0
0
0
0
0
0
4
22
0
1028
172
38
152
0
0
2
0
0
0
0
0
0
0
2
47
16
74
479
5
2
2
3414
30
0
1029
0
404
0
132
550
128
2
404
4
0
339
26
28
12
589
2031
1064
0
16
0
0
0
4
4
2
0
0
0
0
0
0
0
0
0
0
0
6
0
2
0
0
0
2
4
0
0
0
0
12
0
4
2
7
0
0
702
2
0
0
0
141
82
78
43
20
43
336
0
13
2
103
0
0
0
0
0
0
0
0
6
348
8
54
114
0
44
128
16038
2
7221
1930
5561
1256
77
3108
736
85707
1638
0
0
4
1412
615
56
22
4
13749
283
0
0
16
0
0
2
27
0
4
2
28
0
0
0
70
56
0
184
0
26
0
0
52
4
10
16782
38
884
52
1882
387
5854
0
75
5384
2503
444
94
0
0
0
0
53
1040
1428
4678
318
6404
106
3120
812
12
0
22
0
0
0
0
2
7
2
0
0
4
0
0
2
0
8
0
122
0
82
0
0
0
0
20
0
0
0
0
0
106762
19529
4
12990
6598
1234
8924
10
0
104
2558
236
5172
202
610
7040
1008
176
4133
0
83054
236
6130
2428
66538
3458
2512
230
0
0
0
0
0
159
296
612
170
0
10
0
624
4
8
30
0
0
4
0
0
15826
937
4116
3527
36
280
368
12
192
32
476
1000
20
1458
86
1373
4652
1880
7381
368
0
0
8
0
8
204
0
0
160
180
24
5416
0
0
976
0
44
0
0
8
0
545
70572
0
7872
1580
590
824
30456
88
24
14
8
4
4
64
44
20
32
0
120
0
36
2920
4064
10646
1198
13834
8
3804
0
0
0
4
0
124
0
56
0
0
0
52
0
0
0
56
0
4
0
176
0
168
4
1292
504
204
0
112
116
1132
72
100
0
0
0
0
0
0
0
384
114
0
0
0
0
0
0
0
0
0
0
0
2
0
0
0
0
0
0
0
0
0
726
0
17698
4
150
44
0
4708
4
0
0
4
0
4
6
0
0
12
0
46
0
9108
1522
816
5454
17722
4368
12
52
0
0
0
0
0
3
0
0
0
0
0
0
12
0
0
8
0
8
0
0
0
1743
6
147
117
7
0
8
0
0
0
0
0
0
28
0
3
863
144
188
4
0
0
72
0
0
4
0
333
0
4
0
3
0
0
0
0
20
0
0
0
12
10818
56477
13031
157
160
0
20
26
0
0
0
15
0
0
0
0
0
0
39
2134
0
20129
15657
17309
10941
0
21627
832
145
0
0
0
0
0
1254
135
131
16
0
592
232
277
0
0
32
0
8
0
0
0
1858
124
715
114
808
0
115
0
91
0
16
58
0
29
406
60
0
45
1856
254
0
0
0
0
0
0
0
0
2134
14
2
32
0
2
0
650
0
0
0
18185
0
0
0
2
2
3
0
4
8
0
0
0
0
0
0
0
0
0
0
0
2
0
0
7
20
4
0
0
0
388
0
5129
0
18286
49137
172
0
0
0
1332
2
0
0
18891
0
0
94
0
6
212
4
0
0
0
2
0
0
0
2
7
0
0
0
18
0
0
0
0
0
0
0
0
0
0
0
0
0
0
0
109
1
40
75
0
0
0
37
0
0
0
0
0
0
0
0
0
0
0
0
0
0
0
0
0
0
1
0
0
0
0
13
0
0
0
0
8
0
0
0
0
706
92
28664
1512
0
31928
0
0
0
0
3
0
5
0
44
0
0
33
0
8396
11958
2381
0
0
2
0
0
1042
0
0
0
0
0
0
26
111
22
0
0
0
249
2
0
0
0
0
0
0
0
0
38
5
203
24
0
0
0
10
0
0
0
0
0
0
2
0
0
0
0
0
0
0
0
0
2
0
0
0
0
0
0
14
0
0
0
0
0
0
0
0
0
904
474
3156
4
13834
0
0
0
0
0
2
0
0
0
6901
4
0
0
0
408
616
224
0
0
0
8
2
4
0
2
4
0
0
0
10
598
6
0
0
0
8
0
0
0
0
0
0
0
0
0
1370
1463
52
48
208
32
0
14
0
0
0
0
16
0
40
0
53
0
0
0
6
0
0
0
0
0
0
0
0
0
0
0
0
0
0
0
2
0
0
0
0
96
0
0
46
939
600
1086
2
98
0
18
94
4
0
5800
1118
0
258
8
0
8
0
0
0
6
0
0
0
0
0
0
0
0
0
0
0
0
0
0
0
0
0
0
0
0
0
0
0
0
0
137
12
0
0
0
0
0
0
0
0
0
5412
0
0
0
4
0
0
0
0
8
0
0
0
0
0
0
0
0
0
0
0
0
0
0
0
8
0
0
0
0
144
0
0
96
6908
456
1552
0
14
44
761
0
0
0
0
15479
113
9742
85
1065
240
0
0
0
0
0
0
0
16
0
0
0
0
0
12
0
0
0
0
0
0
0
0
0
0
0
0
0
0
0
885
371
2
7
9
195
0
3
0
0
0
1574
676
3
45
38
817
9
0
0
28
0
0
0
0
0
0
0
0
3
0
0
0
0
0
0
12
0
7
0
0
321
0
0
0
0
476
6144
10
471
1403
8384
0
12
0
12546
0
1112
23142
4127
363
3528
0
0
0
0
17
11
10
4
0
16
3
5
0
51
2
0
0
0
0
0
1
0
0
5
0
0
0
0
0
25
97
3
19
1
0
0
0
0
0
0
1
461
417
786
134
114
204
189
6
42
0
2
0
0
0
2
0
0
75
0
0
4
0
29
0
62
0
162
2
6
119
0
2
0
0
6
1832
289
1688
3412
944
0
392
5
10
4308
0
527
10063
135
109
6
16
6351
0
647
1004
180
3487
192
1816
102
399
2045
636
23
0
12
2
0
427
102
0
11
4
0
0
0
0
0
1
3
10559
644
0
0
0
394
0
0
3
8
1
0
2
0
0
0
0
0
0
0
0
3
5
0
6
2
2
0
4
6
0
0
4
4
4
8
6
0
5
291
347
6579
342
26389
1264
10
32
2
870
50
0
0
6
694
103
8
4527
3
61358
0
2897
16
4
12
9
2
150
6
100
6
30
6
0
277
369
14
6
3
1
1309
0
0
0
0
0
0
0
0
0
119
956
1411
2938
406
418
0
215
0
0
8
89
2
3
0
0
32
6
0
0
2
0
0
0
0
0
0
0
0
0
0
0
0
0
2
0
0
0
2
0
2
26
2
1942
2
84
346
9
59
371
856
730
0
0
0
28352
11813
670
9047
2348
0
56407
430
0
0
0
340
8
322
130
1578
1248
0
722
0
8220
6
0
0
0
0
60
2
0
0
0
0
0
0
0
0
321
242
115
58
24
192
0
30
0
0
70
184
198
18
50
4
72
28
14
0
2
0
0
0
30
0
0
0
0
0
0
0
0
0
16
0
6
0
2
0
0
705
4
1402
8
16
121
2356
162
1478
15334
47430
6
58
6
16566
75133
4416
0
22532
11824
11340
855
0
16
60
136
4
122
268
319
73
4
520
20
5090
12
0
36
0
2
818
0
0
0
0
0
0
0
0
0
104
231
157
6
3
374
0
0
0
4
453
793
1052
0
0
3
0
0
0
0
9
0
0
0
0
0
0
0
0
0
0
0
0
0
0
0
0
0
0
0
0
948
0
110
0
47
12
1030
180
5407
0
4169
3
6
109
666
2775
3739
6525
14736
188
1229
119
3
725
30
88
313
32
2247
4
2
0
3
0
1029
18
0
0
0
0
1468
0
0
0
0
0
0
0
0
0
3
2
123
66
0
0
0
519
0
0
0
0
0
0
0
0
0
0
0
0
0
0
0
0
4
0
13
0
0
88
0
94
0
0
76
0
0
0
0
0
0
1598
19721
26716
4
2750
0
0
168
8
158
13
0
0
0
0
1
0
220
0
140
43282
0
0
0
2
34
0
2130
0
0
0
0
0
0
1062
1518
169
0
0
0
15290
47
0
0
1
2
0
11
7
0
22
40
40
126
20
1
0
31
12
0
21
4
23
6
241
748
1
101
1
64
71
34
0
1
0
0
0
0
0
2
2
0
0
0
2
13
23
32
18
106
1
67
4
23
0
0
1
6
12
10
40
11
0
1
2
20
361
2475
5
13
978
428
19
2
37
2788
1106
1139
3576
223
8729
0
2807
5677
1146
500
2
0
2
3
0
169
61
0
5
324
457
39
1182
20
0
6
40
2
1442
51
3
254
4
40
0
1
1
1
12
87
367
17
194
60
181
236
1020
118
227
8
3
5
8
76
1
8
7
68
0
8
7
20
12
12
84
5
93
6
21
0
9
14
30
230
75
93
45
12
2
5
27
364
659
2
80
119
395
12
4
44
1041
181
210
719
508
0
20294
7248
2556
366
690
37
9
14
4
2
611
28
0
0
312
10
0
18
0
46
120
136
164
284
120
36
4
0
8
154
3892
206
6238
6
873
4019
118
48
0
41
188
24
0
0
2
0
0
0
0
0
0
0
0
0
10
0
8
6
32
276
5
110
0
17
0
10
0
1040
28
33
323
48
434
3626
0
4
2857
9131
36
1505
1482
82
8
1166
3679
28218
10841
0
2292
10902
2020
33174
9417
566
2697
989
47
0
36
4
0
543
25
0
0
0
4
0
0
0
0
83
4700
4382
3036
8
0
0
400
0
0
20
12
106
31
73
188
364
792
1394
0
84
0
0
8
136
4
16
16
53
1816
3880
0
0
0
20
0
0
0
0
0
0
1973
8
5188
0
477
8
2305
2060
816
892
258
571
4
0
8
796
1364
200
1272
2220
2716
1772
31
36
8536
57839
3012
0
2880
268
7032
260
1088
9520
14496
692
4
10789
84
0
21941
2368
0
0
280
8
0
0
0
36
0
112
0
4
0
0
0
0
136
0
25
0
160
8
1579
682
0
317
0
0
4
4
4
4
0
0
0
0
4
0
0
0
0
0
0
0
0
0
16
8
8
4
0
0
0
0
7
1822
16
4
248
0
461
188
157
8
0
744
4
328
0
0
0
10859
17496
0
7607
59370
12
4532
0
4396
256
0
180
12
4
0
425
234
0
144
32
0
0
0
0
0
5
0
0
0
166
0
130
0
0
0
0
25
0
0
0
488
2680
2507
10
0
650
110
51
0
0
0
0
0
4
0
0
0
18
6
0
7
0
451
2
0
2
65
0
0
0
0
2
0
0
0
1049
313
1063
15332
16
20
147
5804
0
2
22568
0
10476
0
0
0
19565
28344
4936
4964
13888
26
0
176
7108
46
57
12
8
760
64
2244
735
6
3944
1980
0
0
2
0
0
0
0
10
6
92
0
2
0
2
6
0
68
0
0
0
0
3228
5240
1488
0
239
18
28
0
0
0
0
2
0
6
2
0
2
1
0
13
0
3434
32
127
143
3416
1250
14
2
0
0
0
0
0
522
2
20
61
22
56
68
1346
0
0
6
0
0
0
0
0
0
8326
22054
15788
2
0
304
144
1040
0
98
290
0
232
0
879
11676
1836
6742
2348
0
0
2
0
0
0
0
762
0
1
0
0
0
0
0
0
1
0
0
0
0
5688
1423
1450
0
386
30
10
0
0
0
0
36
4
10
4
0
28
0
6
28
0
1488
22
22
112
2936
96
2
4
0
0
0
0
0
3491
146
26
302
0
32
654
7426
2
6
78
0
2
0
6
0
0
15930
16230
10310
1109
0
1486
2
120
0
8
2
0
6244
58
12904
30625
2036
8715
5868
0
0
0
0
0
0
0
25
0
2
0
0
0
0
0
0
2
0
0
0
0
3565
2608
302
0
233
42
2
0
0
0
0
8
0
0
0
0
0
0
4
108
0
3344
32
58
10
7061
82
8
0
0
0
0
0
0
402
4
72
268
0
122
2
2608
0
0
188
0
0
0
0
0
0
10880
24748
16212
4332
6
3180
2
246
2
68
1316
0
1244
2
218
38320
384
9032
4240
0
0
0
0
0
0
0
120
0
0
0
0
0
0
0
0
0
0
0
0
0
9076
2528
117
0
240
4
33
2
0
0
0
10
4
10
2
2
102
4
6
18
0
5450
6
30
100
2758
130
2
18
0
0
0
0
0
256
26
464
2595
0
228
38
13181
0
2
240
0
5
2
0
0
0
22891
37665
3825
171
0
2286
6
514
100
273
309
0
2456
58
913
29965
2502
8839
1780
0
0
2
0
0
0
0
0
0
2
0
6
0
2
0
0
0
0
0
0
6
984
365
60
0
162
4
0
0
0
0
0
0
0
0
0
0
0
0
4
2
0
190
0
2
2
183
4
16
144
0
2
0
0
0
681
114
1268
15556
64
34
106
6468
0
84
7004
8
4428
8
28
2
5398
0
508
3588
3196
8
26354
6
1408
204
30
860
184
308
28
1240
704
103
4404
120
0
0
0
0
0
0
0
0
0
4
0
0
0
0
0
0
0
0
0
0
0
88
0
0
0
22
17
0
0
0
6
0
9558
2
466
4
2
337
2
471
4
0
378
6
24
0
4
0
148
42390
24142
4906
0
1319
1188
0
20
60
786
10
0
0
204
8
0
0
2
0
4
241
10314
0
2
0
0
17
2
0
2
0
0
6
54
28
0
6484
1456
656
1262
20688
7536
0
0
0
0
0
0
0
330
0
0
0
0
0
0
0
0
0
0
0
0
0
1635
480
3
0
55
10
0
0
0
0
0
121
2
6
0
2
16
0
162
18
0
3496
2
14
24
1261
42
28
41
2
2
0
0
0
452
4538
2420
12746
141
414
24
0
2
0
16
0
10
0
6
8
24640
20688
340
318
16
0
480
0
0
0
12
8
0
3156
666
1576
123746
32572
4384
2298
0
0
0
0
0
0
0
1144
0
0
0
0
0
0
0
0
0
0
0
0
0
370
350
2
0
56
30
2
0
0
0
0
225
0
4
2
28
25
0
5167
484
0
8975
32
165
480
2612
56
314
125
0
0
0
0
0
2524
18847
6990
7858
293
702
2
93850
0
0
8
7
4
0
0
2
26808
1940
1504
134
16
6
486
0
2
0
0
8
0
4442
2878
754
143604
0
1860
3830
0
0
0
8
0
152
0
0
0
186
0
408
0
0
0
0
0
0
0
0
0
50
18
2
0
422
366
482
8
2
354
2
8
0
13
368
942
1282
53
0
66
0
12
0
0
0
0
0
2
4
0
2
0
0
0
46
1424
218
186
0
18
0
0
0
0
964
0
12
2
118
2
448
0
3304
9980
64
7406
1912
14086
1464
11090
10598
0
384
2
0
3534
38
0
10230
1086
0